//balanced: using rounds for true count conversion

cutCard:13
unitsWon:31904836
Bet 390242275 times
Watched 4110615268 rounds
EV: 0.08175648320008384
BetFrequency: 0.09493524680792384


cutCard:26
unitsWon:23869434
Bet 339564775 times
Watched 3978995517 rounds
EV: 0.0702941993909704
BetFrequency: 0.08533932082839288


cutCard:39
unitsWon:18252299
Bet 295260310 times
Watched 3847406141 rounds
EV: 0.061817651685050386
BetFrequency: 0.07674269343533804
